STATION_FROM,STATION_TO,DISTANCE
1,2,2.9588
2,1,2.9588
1,3,2.1412
3,1,2.1412
1,4,1.4899
4,1,1.4899
1,5,1.632
5,1,1.632
1,6,1.1599000000000002
6,1,1.1599000000000002
1,7,1.5434
7,1,1.5434
1,8,2.9848000000000003
8,1,2.9848000000000003
1,9,0.63
9,1,0.63
1,10,0.8926000000000001
10,1,0.8926000000000001
1,11,2.1874000000000002
11,1,2.1874000000000002
1,12,3.2466
12,1,3.2466
1,13,1.7550999999999999
13,1,1.7550999999999999
1,14,1.2175
14,1,1.2175
1,15,3.1210999999999998
15,1,3.1210999999999998
1,16,3.0431
16,1,3.0431
1,17,0.461
17,1,0.461
1,18,1.1893
18,1,1.1893
1,19,2.1117
19,1,2.1117
1,20,1.8503
20,1,1.8503
1,21,2.0848
21,1,2.0848
1,22,2.8216
22,1,2.8216
1,23,2.5404
23,1,2.5404
1,24,3.4349000000000003
24,1,3.4349000000000003
1,25,2.0725
25,1,2.0725
1,26,1.6199000000000001
26,1,1.6199000000000001
1,27,1.7147000000000001
27,1,1.7147000000000001
1,28,3.7331
28,1,3.7331
1,29,1.6129
29,1,1.6129
1,30,2.7973000000000003
30,1,2.7973000000000003
1,31,2.3761
31,1,2.3761
1,32,2.3878000000000004
32,1,2.3878000000000004
1,33,2.409
33,1,2.409
1,34,1.7389000000000001
34,1,1.7389000000000001
1,35,1.9235
35,1,1.9235
1,36,1.1804000000000001
36,1,1.1804000000000001
1,37,0.6593
37,1,0.6593
1,38,3.2733000000000003
38,1,3.2733000000000003
1,39,2.063
39,1,2.063
1,40,2.0028
40,1,2.0028
1,41,1.6582999999999999
41,1,1.6582999999999999
1,42,2.2775
42,1,2.2775
1,43,1.6821
43,1,1.6821
1,44,3.4625
44,1,3.4625
1,45,2.9566999999999997
45,1,2.9566999999999997
1,47,2.0976
47,1,2.0976
1,48,3.2386999999999997
48,1,3.2386999999999997
1,49,3.4753000000000003
49,1,3.4753000000000003
1,50,2.4149000000000003
50,1,2.4149000000000003
1,51,0.5257000000000001
51,1,0.5257000000000001
1,52,0.7626000000000001
52,1,0.7626000000000001
1,53,0.7627
53,1,0.7627
1,54,1.4387999999999999
54,1,1.4387999999999999
1,55,1.3484
55,1,1.3484
1,56,2.5039000000000002
56,1,2.5039000000000002
1,57,2.3698
57,1,2.3698
1,58,2.6675
58,1,2.6675
1,59,3.4263000000000003
59,1,3.4263000000000003
1,60,3.3202
60,1,3.3202
1,61,3.2063
61,1,3.2063
1,62,2.8425
62,1,2.8425
1,63,2.3826
63,1,2.3826
1,64,2.8744
64,1,2.8744
1,65,3.6229
65,1,3.6229
1,66,3.8766
66,1,3.8766
1,67,4.1371
67,1,4.1371
1,68,3.4116999999999997
68,1,3.4116999999999997
1,69,2.9156999999999997
69,1,2.9156999999999997
1,71,1.0168
71,1,1.0168
1,72,1.382
72,1,1.382
1,73,1.4168
73,1,1.4168
1,74,1.6253
74,1,1.6253
1,75,2.056
75,1,2.056
1,76,2.2816
76,1,2.2816
1,77,2.3811999999999998
77,1,2.3811999999999998
1,78,3.4996
78,1,3.4996
1,79,3.0841999999999996
79,1,3.0841999999999996
1,80,2.634
80,1,2.634
1,82,2.7468000000000004
82,1,2.7468000000000004
1,83,3.5004
83,1,3.5004
1,84,3.4606999999999997
84,1,3.4606999999999997
1,85,3.7182
85,1,3.7182
1,86,2.7583
86,1,2.7583
1,87,2.2777
87,1,2.2777
1,88,2.6361999999999997
88,1,2.6361999999999997
1,89,1.9658
89,1,1.9658
1,90,3.6951
90,1,3.6951
1,91,3.6424000000000003
91,1,3.6424000000000003
1,92,2.6578000000000004
92,1,2.6578000000000004
1,93,3.0323
93,1,3.0323
1,94,2.9602
94,1,2.9602
1,95,2.8634
95,1,2.8634
1,96,3.2781
96,1,3.2781
1,97,3.9966
97,1,3.9966
1,98,1.8303
98,1,1.8303
1,99,3.0624000000000002
99,1,3.0624000000000002
1,100,2.5593000000000004
100,1,2.5593000000000004
1,101,1.8620999999999999
101,1,1.8620999999999999
1,102,2.8336
102,1,2.8336
1,103,3.4391
103,1,3.4391
1,104,3.4977
104,1,3.4977
1,105,4.1948
105,1,4.1948
1,106,3.8457
106,1,3.8457
1,107,3.919
107,1,3.919
1,108,3.2164
108,1,3.2164
1,109,3.3199
109,1,3.3199
1,110,2.7985
110,1,2.7985
1,111,3.7579000000000002
111,1,3.7579000000000002
1,112,3.9387
112,1,3.9387
1,113,1.8767
113,1,1.8767
1,114,2.4548
114,1,2.4548
1,115,3.5823
115,1,3.5823
1,116,2.9616
116,1,2.9616
1,117,3.7742
117,1,3.7742
2,3,0.8301000000000001
3,2,0.8301000000000001
2,4,2.0494
4,2,2.0494
2,5,4.2063999999999995
5,2,4.2063999999999995
2,6,2.3298
6,2,2.3298
2,7,1.9707999999999999
7,2,1.9707999999999999
2,8,2.4623000000000004
8,2,2.4623000000000004
2,9,3.1104000000000003
9,2,3.1104000000000003
2,10,2.4365
10,2,2.4365
2,11,4.7253
11,2,4.7253
2,12,0.31739999999999996
12,2,0.31739999999999996
2,13,4.0093000000000005
13,2,4.0093000000000005
2,14,2.9665
14,2,2.9665
2,15,1.1898
15,2,1.1898
2,16,2.3615999999999997
16,2,2.3615999999999997
2,17,2.7428000000000003
17,2,2.7428000000000003
2,18,3.5791999999999997
18,2,3.5791999999999997
2,19,4.5761
19,2,4.5761
2,20,4.0745
20,2,4.0745
2,21,4.8401000000000005
21,2,4.8401000000000005
2,22,2.9482
22,2,2.9482
2,23,2.6578000000000004
23,2,2.6578000000000004
2,24,1.8649
24,2,1.8649
2,25,3.6401
25,2,3.6401
2,26,3.4459
26,2,3.4459
2,27,4.47
27,2,4.47
2,28,1.1843
28,2,1.1843
2,29,2.1724
29,2,2.1724
2,30,1.3248
30,2,1.3248
2,31,1.0811
31,2,1.0811
2,32,2.998
32,2,2.998
2,33,3.098
33,2,3.098
2,34,4.8914
34,2,4.8914
2,35,1.6898
35,2,1.6898
2,36,3.9356999999999998
36,2,3.9356999999999998
2,37,3.4147
37,2,3.4147
2,38,2.5061999999999998
38,2,2.5061999999999998
2,39,4.586399999999999
39,2,4.586399999999999
2,40,2.5623
40,2,2.5623
2,41,4.2326999999999995
41,2,4.2326999999999995
2,42,1.433
42,2,1.433
2,43,3.8505
43,2,3.8505
2,44,0.9138
44,2,0.9138
2,45,1.7855999999999999
45,2,1.7855999999999999
2,47,4.559
47,2,4.559
2,48,2.7161
48,2,2.7161
2,49,2.7656
49,2,2.7656
2,50,1.5705
50,2,1.5705
2,51,3.0254000000000003
51,2,3.0254000000000003
2,52,3.518
52,2,3.518
2,53,3.518
53,2,3.518
2,54,4.0133
54,2,4.0133
2,55,3.9228
55,2,3.9228
2,56,4.0061
56,2,4.0061
2,57,3.8468
57,2,3.8468
2,58,3.8155
58,2,3.8155
2,59,0.8775
59,2,0.8775
2,60,0.7714
60,2,0.7714
2,61,0.6576000000000001
61,2,0.6576000000000001
2,62,2.9479
62,2,2.9479
2,63,3.2990999999999997
63,2,3.2990999999999997
2,64,2.847
64,2,2.847
2,65,2.9778000000000002
65,2,2.9778000000000002
2,66,3.2315
66,2,3.2315
2,67,3.492
67,2,3.492
2,68,3.4454000000000002
68,2,3.4454000000000002
2,69,3.5493
69,2,3.5493
2,71,3.0249
71,2,3.0249
2,72,2.1838
72,2,2.1838
2,73,2.2185
73,2,2.2185
2,74,2.1461
74,2,2.1461
2,75,2.8577
75,2,2.8577
2,76,3.0834
76,2,3.0834
2,77,1.2384000000000002
77,2,1.2384000000000002
2,78,0.9509
78,2,0.9509
2,79,0.5355
79,2,0.5355
2,80,3.4356999999999998
80,2,3.4356999999999998
2,82,3.5486
82,2,3.5486
2,83,4.3021
83,2,4.3021
2,84,4.9601999999999995
84,2,4.9601999999999995
2,85,4.6825
85,2,4.6825
2,86,3.1205
86,2,3.1205
2,87,2.1782
87,2,2.1782
2,88,1.7917
88,2,1.7917
2,89,4.19
89,2,4.19
2,90,3.6561999999999997
90,2,3.6561999999999997
2,91,4.0827
91,2,4.0827
2,92,3.02
92,2,3.02
2,93,3.3946
93,2,3.3946
2,94,3.3225
94,2,3.3225
2,95,3.4699
95,2,3.4699
2,96,4.0798000000000005
96,2,4.0798000000000005
2,97,4.3588000000000005
97,2,4.3588000000000005
2,98,4.5856
98,2,4.5856
2,99,2.728
99,2,2.728
2,100,2.9215
100,2,2.9215
2,101,1.1091
101,2,1.1091
2,102,0.2929
102,2,0.2929
2,103,2.5946
103,2,2.5946
2,104,2.6532
104,2,2.6532
2,105,1.6272
105,2,1.6272
2,106,1.278
106,2,1.278
2,107,1.3514000000000002
107,2,1.3514000000000002
2,108,1.0651
108,2,1.0651
2,109,2.1724
109,2,2.1724
2,110,0.8947
110,2,0.8947
2,111,1.2092
111,2,1.2092
2,112,1.39
112,2,1.39
2,113,3.7144
113,2,3.7144
2,114,4.7759
114,2,4.7759
2,115,1.8811
115,2,1.8811
2,116,0.5387000000000001
116,2,0.5387000000000001
2,117,3.8030999999999997
117,2,3.8030999999999997
3,4,1.2194
4,3,1.2194
3,5,3.3763
5,3,3.3763
3,6,1.4998
6,3,1.4998
3,7,1.1408
7,3,1.1408
3,8,2.8699
8,3,2.8699
3,9,2.2803
9,3,2.2803
3,10,1.6065
10,3,1.6065
3,11,3.9316999999999998
11,3,3.9316999999999998
3,12,1.1055
12,3,1.1055
3,13,3.6804
13,3,3.6804
3,14,2.1364
14,3,2.1364
3,15,1.2615
15,3,1.2615
3,16,2.7691999999999997
16,3,2.7691999999999997
3,17,1.9127
17,3,1.9127
3,18,2.7491
18,3,2.7491
3,19,4.9836
19,3,4.9836
3,20,4.4821
20,3,4.4821
3,21,4.0100999999999996
21,3,4.0100999999999996
3,22,3.3556999999999997
22,3,3.3556999999999997
3,23,2.2699000000000003
23,3,2.2699000000000003
3,24,2.2725
24,3,2.2725
3,25,4.0477
25,3,4.0477
3,26,3.8534
26,3,3.8534
3,27,3.64
27,3,3.64
3,28,1.5919
28,3,1.5919
3,29,1.3424
29,3,1.3424
3,30,0.9377000000000001
30,3,0.9377000000000001
3,31,0.4588
31,3,0.4588
3,32,3.4055
32,3,3.4055
3,33,2.1384000000000003
33,3,2.1384000000000003
3,34,4.0614
34,3,4.0614
3,35,0.8597
35,3,0.8597
3,36,3.1056999999999997
36,3,3.1056999999999997
3,37,2.5846
37,3,2.5846
3,38,2.9138
38,3,2.9138
3,39,3.8074
39,3,3.8074
3,40,1.7323
40,3,1.7323
3,41,3.4026
41,3,3.4026
3,42,0.603
42,3,0.603
3,43,3.0204
43,3,3.0204
3,44,1.3214000000000001
44,3,1.3214000000000001
3,45,2.1932
45,3,2.1932
3,47,4.966600000000001
47,3,4.966600000000001
3,48,3.1237
48,3,3.1237
3,49,3.1732
49,3,3.1732
3,50,0.7404
50,3,0.7404
3,51,2.1953
51,3,2.1953
3,52,2.6879
52,3,2.6879
3,53,2.688
53,3,2.688
3,54,3.1832
54,3,3.1832
3,55,3.0928
55,3,3.0928
3,56,4.413600000000001
56,3,4.413600000000001
3,57,4.2543999999999995
57,3,4.2543999999999995
3,58,4.223
58,3,4.223
3,59,1.2851
59,3,1.2851
3,60,1.179
60,3,1.179
3,61,1.0651
61,3,1.0651
3,62,3.3555
62,3,3.3555
3,63,3.7066
63,3,3.7066
3,64,3.2546
64,3,3.2546
3,65,3.3854
65,3,3.3854
3,66,3.639
66,3,3.639
3,67,3.8995
67,3,3.8995
3,68,3.8529
68,3,3.8529
3,69,3.9569
69,3,3.9569
3,71,2.1949
71,3,2.1949
3,72,1.3537000000000001
72,3,1.3537000000000001
3,73,1.3884
73,3,1.3884
3,74,1.3160999999999998
74,3,1.3160999999999998
3,75,2.0276
75,3,2.0276
3,76,2.2533000000000003
76,3,2.2533000000000003
3,77,0.616
77,3,0.616
3,78,1.3584
78,3,1.3584
3,79,0.943
79,3,0.943
3,80,2.6056999999999997
80,3,2.6056999999999997
3,82,2.7185
82,3,2.7185
3,83,3.4720999999999997
83,3,3.4720999999999997
3,84,4.1301000000000005
84,3,4.1301000000000005
3,85,3.8525
85,3,3.8525
3,86,2.2905
86,3,2.2905
3,87,1.3482
87,3,1.3482
3,88,0.9617
88,3,0.9617
3,89,4.5975
89,3,4.5975
3,90,4.0638000000000005
90,3,4.0638000000000005
3,91,4.4903
91,3,4.4903
3,92,2.19
92,3,2.19
3,93,2.5645
93,3,2.5645
3,94,2.4924
94,3,2.4924
3,95,2.6399
95,3,2.6399
3,96,3.2497
96,3,3.2497
3,97,3.5288000000000004
97,3,3.5288000000000004
3,98,3.7556
98,3,3.7556
3,99,3.1355999999999997
99,3,3.1355999999999997
3,100,2.0915
100,3,2.0915
3,101,0.279
101,3,0.279
3,102,0.5746
102,3,0.5746
3,103,1.7646
103,3,1.7646
3,104,1.8232000000000002
104,3,1.8232000000000002
3,105,2.5203
105,3,2.5203
3,106,2.1712
106,3,2.1712
3,107,2.2445
107,3,2.2445
3,108,1.5419
108,3,1.5419
3,109,2.58
109,3,2.58
3,110,1.124
110,3,1.124
3,111,1.6167
111,3,1.6167
3,112,1.7975
112,3,1.7975
3,113,4.122
113,3,4.122
3,114,4.199199999999999
114,3,4.199199999999999
3,115,2.2887
115,3,2.2887
3,116,0.8205
116,3,0.8205
3,117,4.2107
117,3,4.2107
4,5,3.017
5,4,3.017
4,6,1.1404
6,4,1.1404
4,7,0.7814
7,4,0.7814
4,8,2.3549
8,4,2.3549
4,9,1.921
9,4,1.921
4,10,1.2470999999999999
10,4,1.2470999999999999
4,11,3.5724
11,4,3.5724
4,12,1.7567000000000002
12,4,1.7567000000000002
4,13,3.321
13,4,3.321
4,14,1.7771
14,4,1.7771
4,15,1.9128
15,4,1.9128
4,16,2.4132
16,4,2.4132
4,17,1.5533
17,4,1.5533
4,18,2.3898
18,4,2.3898
4,19,4.1661
19,4,4.1661
4,20,3.4162
20,4,3.4162
4,21,3.6506999999999996
21,4,3.6506999999999996
4,22,2.9998
22,4,2.9998
4,23,1.9105
23,4,1.9105
4,24,2.9236999999999997
24,4,2.9236999999999997
4,25,3.6917
25,4,3.6917
4,26,3.1858
26,4,3.1858
4,27,3.2805999999999997
27,4,3.2805999999999997
4,28,2.2432
28,4,2.2432
4,29,0.983
29,4,0.983
4,30,1.589
30,4,1.589
4,31,1.11
31,4,1.11
4,32,3.0495
32,4,3.0495
4,33,1.779
33,4,1.779
4,34,3.702
34,4,3.702
4,35,0.5004
35,4,0.5004
4,36,2.7463
36,4,2.7463
4,37,2.2253000000000003
37,4,2.2253000000000003
4,38,2.6434
38,4,2.6434
4,39,3.448
39,4,3.448
4,40,1.3729
40,4,1.3729
4,41,3.0433000000000003
41,4,3.0433000000000003
4,42,0.6829
42,4,0.6829
4,43,2.6611
43,4,2.6611
4,44,1.9726
44,4,1.9726
4,45,2.8444000000000003
45,4,2.8444000000000003
4,47,3.6635999999999997
47,4,3.6635999999999997
4,48,2.6087
48,4,2.6087
4,49,2.8454
49,4,2.8454
4,50,0.8202999999999999
50,4,0.8202999999999999
4,51,1.836
51,4,1.836
4,52,2.3286
52,4,2.3286
4,53,2.3286
53,4,2.3286
4,54,2.8238000000000003
54,4,2.8238000000000003
4,55,2.7334
55,4,2.7334
4,56,4.0213
56,4,4.0213
4,57,3.862
57,4,3.862
4,58,3.8306999999999998
58,4,3.8306999999999998
4,59,1.9364000000000001
59,4,1.9364000000000001
4,60,1.8302
60,4,1.8302
4,61,1.7164000000000001
61,4,1.7164000000000001
4,62,2.9995
62,4,2.9995
4,63,3.3507
63,4,3.3507
4,64,2.8986
64,4,2.8986
4,65,2.993
65,4,2.993
4,66,3.2466999999999997
66,4,3.2466999999999997
4,67,3.5071999999999997
67,4,3.5071999999999997
4,68,3.4606
68,4,3.4606
4,69,3.5645
69,4,3.5645
4,71,1.8355
71,4,1.8355
4,72,0.9943
72,4,0.9943
4,73,1.0291
73,4,1.0291
4,74,0.9567
74,4,0.9567
4,75,1.6683
75,4,1.6683
4,76,1.8939000000000001
76,4,1.8939000000000001
4,77,1.2672999999999999
77,4,1.2672999999999999
4,78,2.0097
78,4,2.0097
4,79,1.5943
79,4,1.5943
4,80,2.2463
80,4,2.2463
4,82,2.3590999999999998
82,4,2.3590999999999998
4,83,3.1127
83,4,3.1127
4,84,3.7708000000000004
84,4,3.7708000000000004
4,85,3.4931
85,4,3.4931
4,86,1.9310999999999998
86,4,1.9310999999999998
4,87,1.4505
87,4,1.4505
4,88,1.0415
88,4,1.0415
4,89,3.716
89,4,3.716
4,90,3.6714
90,4,3.6714
4,91,4.097899999999999
91,4,4.097899999999999
4,92,1.8306
92,4,1.8306
4,93,2.2051999999999996
93,4,2.2051999999999996
4,94,2.1330999999999998
94,4,2.1330999999999998
4,95,2.2805
95,4,2.2805
4,96,2.8904
96,4,2.8904
4,97,3.1694
97,4,3.1694
4,98,3.3962
98,4,3.3962
4,99,2.7796
99,4,2.7796
4,100,1.7321
100,4,1.7321
4,101,0.3722
101,4,0.3722
4,102,1.2259
102,4,1.2259
4,103,1.8444
103,4,1.8444
4,104,1.9031
104,4,1.9031
4,105,2.6385
105,4,2.6385
4,106,2.2893000000000003
106,4,2.2893000000000003
4,107,2.3627
107,4,2.3627
4,108,1.6601
108,4,1.6601
4,109,3.2312
109,4,3.2312
4,110,1.2421
110,4,1.2421
4,111,2.268
111,4,2.268
4,112,2.4488000000000003
112,4,2.4488000000000003
4,113,3.4427
113,4,3.4427
4,114,3.8398000000000003
114,4,3.8398000000000003
4,115,2.94
115,4,2.94
4,116,1.4717
116,4,1.4717
4,117,3.8183000000000002
117,4,3.8183000000000002
5,6,2.2453000000000003
6,5,2.2453000000000003
5,7,2.6289000000000002
7,5,2.6289000000000002
5,8,3.2965999999999998
8,5,3.2965999999999998
5,9,1.6682000000000001
9,5,1.6682000000000001
5,10,1.9307999999999998
10,5,1.9307999999999998
5,11,1.3571
11,5,1.3571
5,12,4.3321000000000005
12,5,4.3321000000000005
5,13,1.2002000000000002
13,5,1.2002000000000002
5,14,2.2557
14,5,2.2557
5,15,4.6627
15,5,4.6627
5,16,3.6054
16,5,3.6054
5,17,1.4222000000000001
17,5,1.4222000000000001
5,18,0.6117999999999999
18,5,0.6117999999999999
5,19,1.1815
19,5,1.1815
5,20,1.3187
20,5,1.3187
5,21,2.2439
21,5,2.2439
5,22,2.8508
22,5,2.8508
5,23,3.1027
23,5,3.1027
5,24,3.9973
24,5,3.9973
5,25,1.5409000000000002
25,5,1.5409000000000002
5,26,1.7317
26,5,1.7317
5,27,1.8737000000000001
27,5,1.8737000000000001
5,28,4.0838
28,5,4.0838
5,29,2.6984
29,5,2.6984
5,30,3.8828
30,5,3.8828
5,31,3.4615
31,5,3.4615
5,32,2.4171
32,5,2.4171
5,33,3.5429
33,5,3.5429
5,34,0.3498
34,5,0.3498
5,35,3.009
35,5,3.009
5,36,1.3395
36,5,1.3395
5,37,1.4398
37,5,1.4398
5,38,3.8356
38,5,3.8356
5,39,0.7632000000000001
39,5,0.7632000000000001
5,40,3.0883000000000003
40,5,3.0883000000000003
5,41,0.959
41,5,0.959
5,42,3.363
42,5,3.363
5,43,0.6144
43,5,0.6144
5,44,4.3544
44,5,4.3544
5,45,3.5191
45,5,3.5191
5,47,1.3680999999999999
47,5,1.3680999999999999
5,48,3.0428
48,5,3.0428
5,49,2.8707
49,5,2.8707
5,50,3.5004
50,5,3.5004
5,51,1.2982
51,5,1.2982
5,52,1.2578
52,5,1.2578
5,53,1.5431
53,5,1.5431
5,54,0.9482
54,5,0.9482
5,55,0.8577
55,5,0.8577
5,56,1.9615
56,5,1.9615
5,57,2.2619000000000002
57,5,2.2619000000000002
5,58,2.1521
58,5,2.1521
5,59,4.3504
59,5,4.3504
5,60,4.6323
60,5,4.6323
5,61,4.4291
61,5,4.4291
5,62,2.3289
62,5,2.3289
5,63,1.8689
63,5,1.8689
5,64,2.9036
64,5,2.9036
5,65,3.486
65,5,3.486
5,66,3.7397
66,5,3.7397
5,67,4.0001999999999995
67,5,4.0001999999999995
5,68,2.8981
68,5,2.8981
5,69,2.402
69,5,2.402
5,71,1.1198
71,5,1.1198
5,72,2.4675
72,5,2.4675
5,73,2.5021999999999998
73,5,2.5021999999999998
5,74,2.7108000000000003
74,5,2.7108000000000003
5,75,3.1414
75,5,3.1414
5,76,3.4803
76,5,3.4803
5,77,3.4666
77,5,3.4666
5,78,4.8118
78,5,4.8118
5,79,4.1697
79,5,4.1697
5,80,3.7195
80,5,3.7195
5,82,3.8966999999999996
82,5,3.8966999999999996
5,83,3.9074
83,5,3.9074
5,84,3.2383
84,5,3.2383
5,85,3.4958
85,5,3.4958
5,86,3.8438000000000003
86,5,3.8438000000000003
5,87,3.3630999999999998
87,5,3.3630999999999998
5,88,3.7216
88,5,3.7216
5,89,0.991
89,5,0.991
5,90,3.1815
90,5,3.1815
5,91,2.4806999999999997
91,5,2.4806999999999997
5,92,3.7432
92,5,3.7432
5,93,4.1178
93,5,4.1178
5,94,4.0457
94,5,4.0457
5,95,3.9489
95,5,3.9489
5,96,4.1836
96,5,4.1836
5,97,4.171
97,5,4.171
5,98,1.9894
98,5,1.9894
5,99,2.5488000000000004
99,5,2.5488000000000004
5,100,3.6447
100,5,3.6447
5,101,2.9476
101,5,2.9476
5,102,3.9191
102,5,3.9191
5,103,4.5245
103,5,4.5245
5,104,4.5832
104,5,4.5832
5,105,5.2803
105,5,5.2803
5,106,4.931100000000001
106,5,4.931100000000001
5,107,5.0045
107,5,5.0045
5,108,4.3019
108,5,4.3019
5,109,3.8821999999999997
109,5,3.8821999999999997
5,110,3.8839
110,5,3.8839
5,111,4.2042
111,5,4.2042
5,112,4.2463999999999995
112,5,4.2463999999999995
5,113,1.4630999999999998
113,5,1.4630999999999998
5,114,1.1149
114,5,1.1149
5,115,3.8396999999999997
115,5,3.8396999999999997
5,116,4.0470999999999995
116,5,4.0470999999999995
5,117,3.2605
117,5,3.2605
6,7,0.6536000000000001
7,6,0.6536000000000001
6,8,2.095
8,6,2.095
6,9,0.8168
9,6,0.8168
6,10,0.2516
10,6,0.2516
6,11,2.4683
11,6,2.4683
6,12,2.3568000000000002
12,6,2.3568000000000002
6,13,2.2169
13,6,2.2169
6,14,0.7816000000000001
14,6,0.7816000000000001
6,15,2.2313
15,6,2.2313
6,16,2.1533
16,6,2.1533
6,17,0.4492
17,6,0.4492
6,18,1.2855999999999999
18,6,1.2855999999999999
6,19,3.062
19,6,3.062
6,20,2.3121
20,6,2.3121
6,21,2.5465999999999998
21,6,2.5465999999999998
6,22,2.7398000000000002
22,6,2.7398000000000002
6,23,1.6505999999999998
23,6,1.6505999999999998
6,24,2.5450999999999997
24,6,2.5450999999999997
6,25,2.5343
25,6,2.5343
6,26,2.0816999999999997
26,6,2.0816999999999997
6,27,2.1765
27,6,2.1765
6,28,2.8432
28,6,2.8432
6,29,0.7231000000000001
29,6,0.7231000000000001
6,30,1.9075
30,6,1.9075
6,31,1.4862
31,6,1.4862
6,32,2.7896
32,6,2.7896
6,33,1.5191
33,6,1.5191
6,34,2.5979
34,6,2.5979
6,35,1.0642
35,6,1.0642
6,36,1.6422
36,6,1.6422
6,37,1.1211
37,6,1.1211
6,38,2.3835
38,6,2.3835
6,39,2.3439
39,6,2.3439
6,40,1.113
40,6,1.113
6,41,1.9392
41,6,1.9392
6,42,1.4181
42,6,1.4181
6,43,1.557
43,6,1.557
6,44,2.5726999999999998
44,6,2.5726999999999998
6,45,2.0669
45,6,2.0669
6,47,2.5595
47,6,2.5595
6,48,2.3488
48,6,2.3488
6,49,2.5855
49,6,2.5855
6,50,1.5555999999999999
50,6,1.5555999999999999
6,51,0.7319
51,6,0.7319
6,52,1.2244000000000002
52,6,1.2244000000000002
6,53,1.2245
53,6,1.2245
6,54,1.7197
54,6,1.7197
6,55,1.6293
55,6,1.6293
6,56,2.9657
56,6,2.9657
6,57,2.8316999999999997
57,6,2.8316999999999997
6,58,3.5707
58,6,3.5707
6,59,2.5364
59,6,2.5364
6,60,2.4303000000000003
60,6,2.4303000000000003
6,61,2.3165
61,6,2.3165
6,62,2.7396
62,6,2.7396
6,63,3.0907
63,6,3.0907
6,64,2.6386999999999996
64,6,2.6386999999999996
6,65,2.7331
65,6,2.7331
6,66,2.9867
66,6,2.9867
6,67,3.2473
67,6,3.2473
6,68,3.2006
68,6,3.2006
6,69,3.3045999999999998
69,6,3.3045999999999998
6,71,0.7313999999999999
71,6,0.7313999999999999
6,72,0.5227
72,6,0.5227
6,73,0.5574
73,6,0.5574
6,74,0.7659
74,6,0.7659
6,75,1.1965999999999999
75,6,1.1965999999999999
6,76,1.4223
76,6,1.4223
6,77,1.4912999999999998
77,6,1.4912999999999998
6,78,2.6098000000000003
78,6,2.6098000000000003
6,79,2.1944
79,6,2.1944
6,80,1.7746
80,6,1.7746
6,82,1.8875
82,6,1.8875
6,83,2.641
83,6,2.641
6,84,3.2990999999999997
84,6,3.2990999999999997
6,85,3.0215
85,6,3.0215
6,86,1.8989
86,6,1.8989
6,87,1.4183
87,6,1.4183
6,88,1.7768
88,6,1.7768
6,89,2.6119
89,6,2.6119
6,90,3.4115
90,6,3.4115
6,91,3.838
91,6,3.838
6,92,1.7984
92,6,1.7984
6,93,2.173
93,6,2.173
6,94,2.1009
94,6,2.1009
6,95,2.004
95,6,2.004
6,96,2.4187
96,6,2.4187
6,97,3.1372
97,6,3.1372
6,98,2.2921
98,6,2.2921
6,99,2.5197
99,6,2.5197
6,100,1.6999000000000002
100,6,1.6999000000000002
6,101,0.9722999999999999
101,6,0.9722999999999999
6,102,1.9743
102,6,1.9743
6,103,2.5797
103,6,2.5797
6,104,2.6383
104,6,2.6383
6,105,3.3355
105,6,3.3355
6,106,2.9863000000000004
106,6,2.9863000000000004
6,107,3.0597
107,6,3.0597
6,108,2.3571
108,6,2.3571
6,109,2.4301
109,6,2.4301
6,110,1.9390999999999998
110,6,1.9390999999999998
6,111,2.8681
111,6,2.8681
6,112,3.0488000000000004
112,6,3.0488000000000004
6,113,2.3386
113,6,2.3386
6,114,2.7357
114,6,2.7357
6,115,2.6925
115,6,2.6925
6,116,2.0718
116,6,2.0718
6,117,3.5584000000000002
117,6,3.5584000000000002
7,8,2.184
8,7,2.184
7,9,1.1396
9,7,1.1396
7,10,0.6106
10,7,0.6106
7,11,2.791
11,7,2.791
7,12,2.4458
12,7,2.4458
7,13,2.5396
13,7,2.5396
7,14,1.1405999999999998
14,7,1.1405999999999998
7,15,2.3203
15,7,2.3203
7,16,2.2423
16,7,2.2423
7,17,0.7719
17,7,0.7719
7,18,1.6084
18,7,1.6084
7,19,3.3846999999999996
19,7,3.3846999999999996
7,20,2.6348000000000003
20,7,2.6348000000000003
7,21,2.8693
21,7,2.8693
7,22,2.8288
22,7,2.8288
7,23,1.7395999999999998
23,7,1.7395999999999998
7,24,2.6341
24,7,2.6341
7,25,2.857
25,7,2.857
7,26,2.4044
26,7,2.4044
7,27,2.4991999999999996
27,7,2.4991999999999996
7,28,2.9322
28,7,2.9322
7,29,0.8121
29,7,0.8121
7,30,1.9965
30,7,1.9965
7,31,1.5752000000000002
31,7,1.5752000000000002
7,32,2.8786
32,7,2.8786
7,33,1.6080999999999999
33,7,1.6080999999999999
7,34,2.9206
34,7,2.9206
7,35,1.1745999999999999
35,7,1.1745999999999999
7,36,1.9649
36,7,1.9649
7,37,1.4439000000000002
37,7,1.4439000000000002
7,38,2.4725
38,7,2.4725
7,39,2.6666999999999996
39,7,2.6666999999999996
7,40,1.202
40,7,1.202
7,41,2.2619000000000002
41,7,2.2619000000000002
7,42,1.5285
42,7,1.5285
7,43,1.8797000000000001
43,7,1.8797000000000001
7,44,2.6616999999999997
44,7,2.6616999999999997
7,45,2.1559
45,7,2.1559
7,47,2.8821999999999997
47,7,2.8821999999999997
7,48,2.4378
48,7,2.4378
7,49,2.6745
49,7,2.6745
7,50,1.6659000000000002
50,7,1.6659000000000002
7,51,1.0546
51,7,1.0546
7,52,1.5472000000000001
52,7,1.5472000000000001
7,53,1.5472000000000001
53,7,1.5472000000000001
7,54,2.0425
54,7,2.0425
7,55,1.952
55,7,1.952
7,56,3.8503000000000003
56,7,3.8503000000000003
7,57,3.6911
57,7,3.6911
7,58,3.6597
58,7,3.6597
7,59,2.6254
59,7,2.6254
7,60,2.5193000000000003
60,7,2.5193000000000003
7,61,2.4055
61,7,2.4055
7,62,2.8286
62,7,2.8286
7,63,3.1797
63,7,3.1797
7,64,2.7277
64,7,2.7277
7,65,2.8221
65,7,2.8221
7,66,3.0757
66,7,3.0757
7,67,3.3363
67,7,3.3363
7,68,3.2896
68,7,3.2896
7,69,3.3935999999999997
69,7,3.3935999999999997
7,71,1.0540999999999998
71,7,1.0540999999999998
7,72,0.6331
72,7,0.6331
7,73,0.6678
73,7,0.6678
7,74,0.8763
74,7,0.8763
7,75,1.307
75,7,1.307
7,76,1.5327
76,7,1.5327
7,77,1.5803
77,7,1.5803
7,78,2.6988000000000003
78,7,2.6988000000000003
7,79,2.2834
79,7,2.2834
7,80,1.885
80,7,1.885
7,82,1.9979
82,7,1.9979
7,83,2.7514000000000003
83,7,2.7514000000000003
7,84,3.4095
84,7,3.4095
7,85,3.1318
85,7,3.1318
7,86,2.0093
86,7,2.0093
7,87,1.5287
87,7,1.5287
7,88,1.8872
88,7,1.8872
7,89,2.9346
89,7,2.9346
7,90,3.5005
90,7,3.5005
7,91,3.927
91,7,3.927
7,92,1.9088
92,7,1.9088
7,93,2.2834
93,7,2.2834
7,94,2.2112
94,7,2.2112
7,95,2.1144000000000003
95,7,2.1144000000000003
7,96,2.5291
96,7,2.5291
7,97,3.2476
97,7,3.2476
7,98,2.6148000000000002
98,7,2.6148000000000002
7,99,2.6087
99,7,2.6087
7,100,1.8103
100,7,1.8103
7,101,1.0613
101,7,1.0613
7,102,2.0846
102,7,2.0846
7,103,2.6900999999999997
103,7,2.6900999999999997
7,104,2.7487
104,7,2.7487
7,105,3.4458
105,7,3.4458
7,106,3.0967
106,7,3.0967
7,107,3.1700999999999997
107,7,3.1700999999999997
7,108,2.4675
108,7,2.4675
7,109,2.5191
109,7,2.5191
7,110,2.0495
110,7,2.0495
7,111,2.9571
111,7,2.9571
7,112,3.1379
112,7,3.1379
7,113,2.6613
113,7,2.6613
7,114,3.0584000000000002
114,7,3.0584000000000002
7,115,2.7815
115,7,2.7815
7,116,2.1608
116,7,2.1608
7,117,3.6474
117,7,3.6474
8,9,2.5185
9,8,2.5185
8,10,1.9002999999999999
10,8,1.9002999999999999
8,11,3.1818
11,8,3.1818
8,12,2.6601
12,8,2.6601
8,13,2.4648000000000003
13,8,2.4648000000000003
8,14,2.4303000000000003
14,8,2.4303000000000003
8,15,2.2055
15,8,2.2055
8,16,0.3493
16,8,0.3493
8,17,2.2302
17,8,2.2302
8,18,3.6374
18,8,3.6374
8,19,2.2363000000000004
19,8,2.2363000000000004
8,20,2.201
20,8,2.201
8,21,4.0686
21,8,4.0686
8,22,0.9359
22,8,0.9359
8,23,0.6455
23,8,0.6455
8,24,1.54
24,8,1.54
8,25,1.7666
25,8,1.7666
8,26,1.4336
26,8,1.4336
8,27,3.6985
27,8,3.6985
8,28,1.6265999999999998
28,8,1.6265999999999998
8,29,2.0695
29,8,2.0695
8,30,1.8037999999999998
30,8,1.8037999999999998
8,31,2.0453
31,8,2.0453
8,32,0.9857
32,8,0.9857
8,33,1.0857
33,8,1.0857
8,34,3.757
34,8,3.757
8,35,2.4219
35,8,2.4219
8,36,3.1641999999999997
36,8,3.1641999999999997
8,37,2.9021999999999997
37,8,2.9021999999999997
8,38,1.0697
38,8,1.0697
8,39,2.7129000000000003
39,8,2.7129000000000003
8,40,1.6721
40,8,1.6721
8,41,2.9892
41,8,2.9892
8,42,2.7759
42,8,2.7759
8,43,3.9915
43,8,3.9915
8,44,1.8971
44,8,1.8971
8,45,1.0617999999999999
45,8,1.0617999999999999
8,47,2.2193
47,8,2.2193
8,48,0.2538
48,8,0.2538
8,49,0.4905
49,8,0.4905
8,50,2.9133
50,8,2.9133
8,51,2.5129
51,8,2.5129
8,52,3.0055
52,8,3.0055
8,53,3.0055
53,8,3.0055
8,54,3.9737
54,8,3.9737
8,55,3.3062
55,8,3.3062
8,56,1.6663
56,8,1.6663
8,57,1.5070999999999999
57,8,1.5070999999999999
8,58,1.4757
58,8,1.4757
8,59,1.8931
59,8,1.8931
8,60,2.1751
60,8,2.1751
8,61,1.9718
61,8,1.9718
8,62,0.9356
62,8,0.9356
8,63,1.2868
63,8,1.2868
8,64,0.8348
64,8,0.8348
8,65,0.6381
65,8,0.6381
8,66,0.8917
66,8,0.8917
8,67,1.1522999999999999
67,8,1.1522999999999999
8,68,1.1056
68,8,1.1056
8,69,1.2096
69,8,1.2096
8,71,2.5124
71,8,2.5124
8,72,2.4228
72,8,2.4228
8,73,2.4575
73,8,2.4575
8,74,2.3851999999999998
74,8,2.3851999999999998
8,75,3.0968
75,8,3.0968
8,76,3.3224
76,8,3.3224
8,77,2.088
77,8,2.088
8,78,2.3546
78,8,2.3546
8,79,2.349
79,8,2.349
8,80,3.6748000000000003
80,8,3.6748000000000003
8,82,3.7876
82,8,3.7876
8,83,4.5673
83,8,4.5673
8,84,5.2254
84,8,5.2254
8,85,4.9477
85,8,4.9477
8,86,3.2687
86,8,3.2687
8,87,2.7881
87,8,2.7881
8,88,3.1345
88,8,3.1345
8,89,2.3165
89,8,2.3165
8,90,1.3165
90,8,1.3165
8,91,1.743
91,8,1.743
8,92,3.1681999999999997
92,8,3.1681999999999997
8,93,3.5427
93,8,3.5427
8,94,3.4706
94,8,3.4706
8,95,3.6181
95,8,3.6181
8,96,4.5724
96,8,4.5724
8,97,4.5069
97,8,4.5069
8,98,3.8141
98,8,3.8141
8,99,0.7157
99,8,0.7157
8,100,3.0696999999999997
100,8,3.0696999999999997
8,101,2.3186999999999998
101,8,2.3186999999999998
8,102,2.1238
102,8,2.1238
8,103,3.9374000000000002
103,8,3.9374000000000002
8,104,3.9960999999999998
104,8,3.9960999999999998
8,105,3.8283
105,8,3.8283
8,106,3.4791999999999996
106,8,3.4791999999999996
8,107,3.5525
107,8,3.5525
8,108,3.2662
108,8,3.2662
8,109,1.425
109,8,1.425
8,110,3.3964000000000003
110,8,3.3964000000000003
8,111,1.7469000000000001
111,8,1.7469000000000001
8,112,1.4939
112,8,1.4939
8,113,1.9906
113,8,1.9906
8,114,2.4360999999999997
114,8,2.4360999999999997
8,115,1.0872
115,8,1.0872
8,116,2.3695999999999997
116,8,2.3695999999999997
8,117,1.4634
117,8,1.4634
9,10,0.7451
10,9,0.7451
9,11,2.6183
11,9,2.6183
9,12,3.3186999999999998
12,9,3.3186999999999998
9,13,2.186
13,9,2.186
9,14,0.5875
14,9,0.5875
9,15,3.1931
15,9,3.1931
9,16,3.1151
16,9,3.1151
9,17,0.8919
17,9,0.8919
9,18,1.6202999999999999
18,9,1.6202999999999999
9,19,2.5425999999999997
19,9,2.5425999999999997
9,20,2.2811999999999997
20,9,2.2811999999999997
9,21,2.5157
21,9,2.5157
9,22,3.2525
22,9,3.2525
9,23,2.6124
23,9,2.6124
9,24,3.5069
24,9,3.5069
9,25,2.5034
25,9,2.5034
9,26,2.0508
26,9,2.0508
9,27,2.1456
27,9,2.1456
9,28,3.8051
28,9,3.8051
9,29,1.6849
29,9,1.6849
9,30,2.8694
30,9,2.8694
9,31,2.4480999999999997
31,9,2.4480999999999997
9,32,2.8186999999999998
32,9,2.8186999999999998
9,33,2.481
33,9,2.481
9,34,2.1698000000000004
34,9,2.1698000000000004
9,35,2.026
35,9,2.026
9,36,1.6113
36,9,1.6113
9,37,1.0903
37,9,1.0903
9,38,3.3453000000000004
38,9,3.3453000000000004
9,39,2.4939
39,9,2.4939
9,40,2.0748
40,9,2.0748
9,41,2.0892
41,9,2.0892
9,42,2.38
42,9,2.38
9,43,2.1130999999999998
43,9,2.1130999999999998
9,44,3.5345
44,9,3.5345
9,45,3.0286999999999997
45,9,3.0286999999999997
9,47,2.5286
47,9,2.5286
9,48,3.3106999999999998
48,9,3.3106999999999998
9,49,3.5473000000000003
49,9,3.5473000000000003
9,50,2.5174000000000003
50,9,2.5174000000000003
9,51,0.9566
51,9,0.9566
9,52,1.1935
52,9,1.1935
9,53,1.1936
53,9,1.1936
9,54,1.8697000000000001
54,9,1.8697000000000001
9,55,1.7792999999999999
55,9,1.7792999999999999
9,56,2.9348
56,9,2.9348
9,57,2.8008
57,9,2.8008
9,58,3.0985
58,9,3.0985
9,59,3.4983
59,9,3.4983
9,60,3.3922
60,9,3.3922
9,61,3.2783
61,9,3.2783
9,62,3.2735
62,9,3.2735
9,63,2.8135
63,9,2.8135
9,64,3.3053000000000003
64,9,3.3053000000000003
9,65,3.6949
65,9,3.6949
9,66,3.9486
66,9,3.9486
9,67,4.2091
67,9,4.2091
9,68,3.8426
68,9,3.8426
9,69,3.3466
69,9,3.3466
9,71,1.4478
71,9,1.4478
9,72,1.4845
72,9,1.4845
9,73,1.5192999999999999
73,9,1.5192999999999999
9,74,1.7278
74,9,1.7278
9,75,2.1585
75,9,2.1585
9,76,2.3841
76,9,2.3841
9,77,2.4532
77,9,2.4532
9,78,3.5716
78,9,3.5716
9,79,3.1561999999999997
79,9,3.1561999999999997
9,80,2.7365
80,9,2.7365
9,82,2.8493000000000004
82,9,2.8493000000000004
9,83,3.6029
83,9,3.6029
9,84,3.8916
84,9,3.8916
9,85,4.149100000000001
85,9,4.149100000000001
9,86,2.8608000000000002
86,9,2.8608000000000002
9,87,2.3802
87,9,2.3802
9,88,2.7386999999999997
88,9,2.7386999999999997
9,89,2.3966999999999996
89,9,2.3966999999999996
9,90,4.373399999999999
90,9,4.373399999999999
9,91,4.073300000000001
91,9,4.073300000000001
9,92,2.7603
92,9,2.7603
9,93,3.1348000000000003
93,9,3.1348000000000003
9,94,3.0627
94,9,3.0627
9,95,2.9659
95,9,2.9659
9,96,3.3806
96,9,3.3806
9,97,4.0991
97,9,4.0991
9,98,2.2611999999999997
98,9,2.2611999999999997
9,99,3.4815
99,9,3.4815
9,100,2.6618000000000004
100,9,2.6618000000000004
9,101,1.9341
101,9,1.9341
9,102,2.9360999999999997
102,9,2.9360999999999997
9,103,3.5416
103,9,3.5416
9,104,3.6001999999999996
104,9,3.6001999999999996
9,105,4.2973
105,9,4.2973
9,106,3.9482
106,9,3.9482
9,107,4.0215
107,9,4.0215
9,108,3.3189
108,9,3.3189
9,109,3.3919
109,9,3.3919
9,110,2.901
110,9,2.901
9,111,3.8299000000000003
111,9,3.8299000000000003
9,112,4.0107
112,9,4.0107
9,113,2.3076999999999996
113,9,2.3076999999999996
9,114,2.8857
114,9,2.8857
9,115,3.6543
115,9,3.6543
9,116,3.0336
116,9,3.0336
9,117,4.205100000000001
117,9,4.205100000000001
10,11,2.7199
11,10,2.7199
10,12,2.6084
12,10,2.6084
10,13,2.4685
13,10,2.4685
10,14,0.5648
14,10,0.5648
10,15,2.4829
15,10,2.4829
10,16,2.4048000000000003
16,10,2.4048000000000003
10,17,0.7008
17,10,0.7008
10,18,1.5372000000000001
18,10,1.5372000000000001
10,19,3.3136
19,10,3.3136
10,20,2.5637
20,10,2.5637
10,21,2.7982
21,10,2.7982
10,22,2.9914
22,10,2.9914
10,23,1.9022000000000001
23,10,1.9022000000000001
10,24,2.7967
24,10,2.7967
10,25,2.7859000000000003
25,10,2.7859000000000003
10,26,2.3333000000000004
26,10,2.3333000000000004
10,27,2.4280999999999997
27,10,2.4280999999999997
10,28,3.0948
28,10,3.0948
10,29,0.9747
29,10,0.9747
10,30,2.1591
30,10,2.1591
10,31,1.7378
31,10,1.7378
10,32,3.0412
32,10,3.0412
10,33,1.7707
33,10,1.7707
10,34,2.8495
34,10,2.8495
10,35,1.3157999999999999
35,10,1.3157999999999999
10,36,1.8938
36,10,1.8938
10,37,1.3727
37,10,1.3727
10,38,2.6351
38,10,2.6351
10,39,2.5955
39,10,2.5955
10,40,1.3645999999999998
40,10,1.3645999999999998
10,41,2.1908000000000003
41,10,2.1908000000000003
10,42,1.6697
42,10,1.6697
10,43,1.8085
43,10,1.8085
10,44,2.8243
44,10,2.8243
10,45,2.3185
45,10,2.3185
10,47,2.8110999999999997
47,10,2.8110999999999997
10,48,2.6004
48,10,2.6004
10,49,2.8371
49,10,2.8371
10,50,1.8072000000000001
50,10,1.8072000000000001
10,51,0.9833999999999999
51,10,0.9833999999999999
10,52,1.476
52,10,1.476
10,53,1.4761
53,10,1.4761
10,54,1.9713
54,10,1.9713
10,55,1.8809
55,10,1.8809
10,56,3.2173000000000003
56,10,3.2173000000000003
10,57,3.0833000000000004
57,10,3.0833000000000004
10,58,3.8223000000000003
58,10,3.8223000000000003
10,59,2.788
59,10,2.788
10,60,2.6819
60,10,2.6819
10,61,2.5681
61,10,2.5681
10,62,2.9911
62,10,2.9911
10,63,3.3423000000000003
63,10,3.3423000000000003
10,64,2.8903000000000003
64,10,2.8903000000000003
10,65,2.9846999999999997
65,10,2.9846999999999997
10,66,3.2383
66,10,3.2383
10,67,3.4989
67,10,3.4989
10,68,3.4522
68,10,3.4522
10,69,3.5562
69,10,3.5562
10,71,0.983
71,10,0.983
10,72,0.7743
72,10,0.7743
10,73,0.809
73,10,0.809
10,74,1.0175
74,10,1.0175
10,75,1.4482000000000002
75,10,1.4482000000000002
10,76,1.6739000000000002
76,10,1.6739000000000002
10,77,1.7429000000000001
77,10,1.7429000000000001
10,78,2.8614
78,10,2.8614
10,79,2.446
79,10,2.446
10,80,2.0262000000000002
80,10,2.0262000000000002
10,82,2.1391
82,10,2.1391
10,83,2.8926
83,10,2.8926
10,84,3.5507
84,10,3.5507
10,85,3.2731
85,10,3.2731
10,86,2.1505
86,10,2.1505
10,87,1.6699000000000002
87,10,1.6699000000000002
10,88,2.0284
88,10,2.0284
10,89,2.8635
89,10,2.8635
10,90,3.6631
90,10,3.6631
10,91,4.0896
91,10,4.0896
10,92,2.05
92,10,2.05
10,93,2.4246
93,10,2.4246
10,94,2.3525
94,10,2.3525
10,95,2.2556
95,10,2.2556
10,96,2.6703
96,10,2.6703
10,97,3.3888000000000003
97,10,3.3888000000000003
10,98,2.5437
98,10,2.5437
10,99,2.7713
99,10,2.7713
10,100,1.9515
100,10,1.9515
10,101,1.2239
101,10,1.2239
10,102,2.2259
102,10,2.2259
10,103,2.8313
103,10,2.8313
10,104,2.8899
104,10,2.8899
10,105,3.5871
105,10,3.5871
10,106,3.2379000000000002
106,10,3.2379000000000002
10,107,3.3113
107,10,3.3113
10,108,2.6087
108,10,2.6087
10,109,2.6816999999999998
109,10,2.6816999999999998
10,110,2.1906999999999996
110,10,2.1906999999999996
10,111,3.1197
111,10,3.1197
10,112,3.3004000000000002
112,10,3.3004000000000002
10,113,2.5902
113,10,2.5902
10,114,2.9873000000000003
114,10,2.9873000000000003
10,115,2.9440999999999997
115,10,2.9440999999999997
10,116,2.3234
116,10,2.3234
10,117,3.81
117,10,3.81
11,12,4.1436
12,11,4.1436
11,13,1.1058
13,11,1.1058
11,14,2.1942
14,11,2.1942
11,15,4.5682
15,11,4.5682
11,16,3.511
16,11,3.511
11,17,1.3605999999999998
17,11,1.3605999999999998
11,18,0.7626000000000001
18,11,0.7626000000000001
11,19,1.2202
19,11,1.2202
11,20,1.2243
20,11,1.2243
11,21,1.6397
21,11,1.6397
11,22,2.7564
22,11,2.7564
11,23,3.0083
23,11,3.0083
11,24,3.9028
24,11,3.9028
11,25,1.4464000000000001
25,11,1.4464000000000001
11,26,1.6372
26,11,1.6372
11,27,1.2695999999999998
27,11,1.2695999999999998
11,28,3.9893
28,11,3.9893
11,29,2.5099
29,11,2.5099
11,30,4.4493
30,11,4.4493
11,31,3.273
31,11,3.273
11,32,2.3226
32,11,2.3226
11,33,3.4485
33,11,3.4485
11,34,0.8822000000000001
34,11,0.8822000000000001
11,35,2.8204000000000002
35,11,2.8204000000000002
11,36,0.7353
36,11,0.7353
11,37,1.1879000000000002
37,11,1.1879000000000002
11,38,3.7411999999999996
38,11,3.7411999999999996
11,39,0.6286
39,11,0.6286
11,40,2.8996999999999997
40,11,2.8996999999999997
11,41,0.2238
41,11,0.2238
11,42,3.1744
42,11,3.1744
11,43,1.1167
43,11,1.1167
11,44,4.2599
44,11,4.2599
11,45,3.4246
45,11,3.4246
11,47,1.4716
47,11,1.4716
11,48,2.9483
48,11,2.9483
11,49,2.7762
49,11,2.7762
11,50,3.3118000000000003
50,11,3.3118000000000003
11,51,1.2367000000000001
51,11,1.2367000000000001
11,52,0.8973
52,11,0.8973
11,53,1.2912000000000001
53,11,1.2912000000000001
11,54,0.5876
54,11,0.5876
11,55,0.1904
55,11,0.1904
11,56,2.0387
56,11,2.0387
11,57,1.7127000000000001
57,11,1.7127000000000001
11,58,2.0653
58,11,2.0653
11,59,4.2559
59,11,4.2559
11,60,4.5379
60,11,4.5379
11,61,4.3346
61,11,4.3346
11,62,2.2344
62,11,2.2344
11,63,1.7745
63,11,1.7745
11,64,2.8091999999999997
64,11,2.8091999999999997
11,65,3.3916
65,11,3.3916
11,66,3.6452
66,11,3.6452
11,67,3.9057
67,11,3.9057
11,68,2.8036
68,11,2.8036
11,69,2.3076
69,11,2.3076
11,71,1.0582
71,11,1.0582
11,72,2.279
72,11,2.279
11,73,2.3137
73,11,2.3137
11,74,2.5221999999999998
74,11,2.5221999999999998
11,75,2.9529
75,11,2.9529
11,76,3.6311
76,11,3.6311
11,77,3.2781
77,11,3.2781
11,78,4.7173
78,11,4.7173
11,79,3.9811
79,11,3.9811
11,80,3.5309
80,11,3.5309
11,82,4.0474
82,11,4.0474
11,83,4.0582
83,11,4.0582
11,84,3.389
84,11,3.389
11,85,3.6466
85,11,3.6466
11,86,3.6552
86,11,3.6552
11,87,3.1746
87,11,3.1746
11,88,3.5331
88,11,3.5331
11,89,0.8966000000000001
89,11,0.8966000000000001
11,90,3.087
90,11,3.087
11,91,2.5579
91,11,2.5579
11,92,3.5547
92,11,3.5547
11,93,3.9292
93,11,3.9292
11,94,3.8571
94,11,3.8571
11,95,3.7603
95,11,3.7603
11,96,4.3344
96,11,4.3344
11,97,4.3218000000000005
97,11,4.3218000000000005
11,98,1.3852
98,11,1.3852
11,99,2.4543000000000004
99,11,2.4543000000000004
11,100,3.4562
100,11,3.4562
11,101,2.7591
101,11,2.7591
11,102,3.7305
102,11,3.7305
11,103,4.336
103,11,4.336
11,104,4.3946000000000005
104,11,4.3946000000000005
11,105,5.0916999999999994
105,11,5.0916999999999994
11,106,4.7426
106,11,4.7426
11,107,4.8159
107,11,4.8159
11,108,4.1133999999999995
108,11,4.1133999999999995
11,109,3.7878000000000003
109,11,3.7878000000000003
11,110,3.6954000000000002
110,11,3.6954000000000002
11,111,4.1097
111,11,4.1097
11,112,4.1518999999999995
112,11,4.1518999999999995
11,113,1.3687
113,11,1.3687
11,114,1.0204
114,11,1.0204
11,115,3.7451999999999996
115,11,3.7451999999999996
11,116,3.8586
116,11,3.8586
11,117,3.1660999999999997
117,11,3.1660999999999997
12,13,3.744
13,12,3.744
12,14,3.3635
14,12,3.3635
12,15,1.0657
15,12,1.0657
12,16,2.0963000000000003
16,12,2.0963000000000003
12,17,3.1397
17,12,3.1397
12,18,3.9760999999999997
18,12,3.9760999999999997
12,19,4.6144
19,12,4.6144
12,20,3.8093000000000004
20,12,3.8093000000000004
12,21,5.237100000000001
21,12,5.237100000000001
12,22,2.6829
22,12,2.6829
12,23,1.8985999999999998
23,12,1.8985999999999998
12,24,1.3074000000000001
24,12,1.3074000000000001
12,25,3.3749000000000002
25,12,3.3749000000000002
12,26,3.1806
26,12,3.1806
12,27,4.867
27,12,4.867
12,28,0.9469
28,12,0.9469
12,29,2.5694
29,12,2.5694
12,30,1.6125999999999998
30,12,1.6125999999999998
12,31,1.3689
31,12,1.3689
12,32,2.7327
32,12,2.7327
12,33,2.8327
33,12,2.8327
12,34,5.288399999999999
34,12,5.288399999999999
12,35,2.0868
35,12,2.0868
12,36,4.3327
36,12,4.3327
12,37,3.8116999999999996
37,12,3.8116999999999996
12,38,2.5446
38,12,2.5446
12,39,4.3212
39,12,4.3212
12,40,2.9593000000000003
40,12,2.9593000000000003
12,41,4.5973999999999995
41,12,4.5973999999999995
12,42,1.83
42,12,1.83
12,43,4.2475
43,12,4.2475
12,44,0.9521000000000001
44,12,0.9521000000000001
12,45,1.5203
45,12,1.5203
12,47,4.597300000000001
47,12,4.597300000000001
12,48,2.4509000000000003
48,12,2.4509000000000003
12,49,2.8039
49,12,2.8039
12,50,1.9675
50,12,1.9675
12,51,3.4224
51,12,3.4224
12,52,3.9149000000000003
52,12,3.9149000000000003
12,53,3.915
53,12,3.915
12,54,4.4102
54,12,4.4102
12,55,4.3198
55,12,4.3198
12,56,4.0444
56,12,4.0444
12,57,3.8851
57,12,3.8851
12,58,3.8538
58,12,3.8538
12,59,0.7534
59,12,0.7534
12,60,0.8097000000000001
60,12,0.8097000000000001
12,61,0.5334
61,12,0.5334
12,62,2.6826
62,12,2.6826
12,63,3.0338000000000003
63,12,3.0338000000000003
12,64,2.5818000000000003
64,12,2.5818000000000003
12,65,3.0161
65,12,3.0161
12,66,3.2698
66,12,3.2698
12,67,3.5303
67,12,3.5303
12,68,3.4837
68,12,3.4837
12,69,3.5876
69,12,3.5876
12,71,3.4219
71,12,3.4219
12,72,2.5806999999999998
72,12,2.5806999999999998
12,73,2.6155
73,12,2.6155
12,74,2.5431
74,12,2.5431
12,75,3.2546999999999997
75,12,3.2546999999999997
12,76,3.4803
76,12,3.4803
12,77,1.5262
77,12,1.5262
12,78,0.634
78,12,0.634
12,79,0.31110000000000004
79,12,0.31110000000000004
12,80,3.8327
80,12,3.8327
12,82,3.9455
82,12,3.9455
12,83,4.6512
83,12,4.6512
12,84,5.3093
84,12,5.3093
12,85,5.0316
85,12,5.0316
12,86,3.3866
86,12,3.3866
12,87,2.5751999999999997
87,12,2.5751999999999997
12,88,2.1887
88,12,2.1887
12,89,3.9246999999999996
89,12,3.9246999999999996
12,90,3.6946
90,12,3.6946
12,91,4.1211
91,12,4.1211
12,92,3.0483000000000002
92,12,3.0483000000000002
12,93,3.7916
93,12,3.7916
12,94,3.7194000000000003
94,12,3.7194000000000003
12,95,3.8669000000000002
95,12,3.8669000000000002
12,96,4.6563
96,12,4.6563
12,97,4.5908999999999995
97,12,4.5908999999999995
12,98,4.982600000000001
98,12,4.982600000000001
12,99,2.4628
99,12,2.4628
12,100,3.3185
100,12,3.3185
12,101,1.3969
101,12,1.3969
12,102,0.5807
102,12,0.5807
12,103,2.9916
103,12,2.9916
12,104,3.0502
104,12,3.0502
12,105,1.3097
105,12,1.3097
12,106,0.9606
106,12,0.9606
12,107,1.0339
107,12,1.0339
12,108,0.7476
108,12,0.7476
12,109,2.2106999999999997
109,12,2.2106999999999997
12,110,0.8777999999999999
110,12,0.8777999999999999
12,111,1.2475
111,12,1.2475
12,112,1.4283
112,12,1.4283
12,113,3.4492
113,12,3.4492
12,114,4.8142
114,12,4.8142
12,115,1.9194
